auprc = 0.9023425381473164
auroc = 0.9098058289388528
eval_loss = 0.389987429221199
fn = 191
fp = 115
mcc = 0.6479695993476564
tn = 836
tp = 610
